
霍格沃兹校历（参考1987-1998真实日期制作）

通用规则：
新生入学：每年9月1日
圣诞假期：12.24放假，1月第一个周日返校
复活节假期：以复活节当日为中心，前后各一周
结业考试：6月第一个整周
结业晚宴：6月倒数第二个周末，次日离校
魁地奇学院赛：开学两周后魁地奇选拔开始
              11月第一个周六揭幕赛；11月第四个周六常规赛；
2月第三个周六常规赛； 3月第一个周六常规赛；
5月第一个周六常规赛； 5月第四个周六决赛。

* 特殊年份：1994-1995三强争霸赛（火焰杯）
圣诞假期：12.25全体参加圣诞舞会，次日离校
结业考试：6月19开始，6月24上午结束，下午争霸赛
6月29结业晚宴，次日离校

*特殊年份：1996-1997学年
           斯内普教黑魔法防御术，斯拉格霍恩教魔药学
           6.16-6.20结业考试 ，7.5结业晚宴 ，7月6离校。
（剧情强行设定6月30日晚邓布利多死亡，当时学校考完试，学生未离校。）

   
 （6.24父亲生日    9.29格丽塔生日   12.22母亲生日）

上课时间：

  标准课时1小时，                    
  9：00-10：00上午第1节   
  10：00-10：30休息
  10：30-11：30上午第2节

  11：45-12：45午餐时间

  1：00-2：00下午第1节
  2：00-2：30休息
  2：30-3：30下午第2节

  5：00-7：00晚餐时间                                        


1-4年级晚上9：00前返回休息


  连堂课2小时

  9：00-11：00上午1节


  11：45-12：45午餐时间


  1：00-3：00下午1节


  5：00-7：00晚餐时间


5-7年级晚上10：00前返回休息室

1987
9月

10月
一
二
三
四
五
六
日

一
二
三
四
五
六
日

1
新学期分院
晚宴
2
3
下三
格斯
4
上三
赫拉
5
6




1
下三
赫斯
2
上三
格拉
3
4
7
上二
格拉
8
上二
赫斯
9
上
六
10

11

12
13

5
上二
格斯
6
上二
赫拉
7
上六
8
9
10
11
14
魁地奇选拔
15
下一
格赫
16
上一
拉斯
17
18
上
七
19
20

12
13
下一
格拉
14
上一
赫斯
15
16
上
七
17
18
21

22
上
六
23
上下四
赫拉
格斯
24

25
26
27

19
20
上
六
21
上下四
格赫
拉斯
22
23
24
25
28
上下五
赫斯
格拉
29

30
上
七





26
上下五
拉斯
格赫
27
28
上
七
29
下三
赫格
30
上三
斯拉
31
万圣夜






1987
11月

12月
一
二
三
四
五
六
日

一
二
三
四
五
六
日






1



1
2
3
4
5
6
2
上二
格赫
3
上二
斯拉
4
上
六
5
6
7
魁地奇揭幕战
8

7
8
9
10
11
12
13
9
10
下一
格斯
11
上一
赫拉
12
13
上
七
14
15

14
15
16
17
18
19

20
16
17
上
六
18
上下四
格拉
赫斯
19
20
21
22

21
上下五

22

23

上七
24
圣诞假期开始
25
圣诞
晚宴
26

27
23
上下五
拉赫
格斯
24
25
上
七
26
下三
格斯
27
上三
赫拉
28
魁地奇常规赛
29

28
29

30
31



30
上二
格拉





1988
1月

2月
一
二
三
四
五
六
日

一
二
三
四
五
六
日




1
2
3
返校

1
2
3
4
5
6
7
4
5
6
7
8
9
斯内普生日
10

8
9
10
11
12
13
14
11
12
13
14
15
16
17

15
16
17
18
19
20
魁地奇常规赛
21
18
19
20
21
22
23
24

22
23
24
25
26
27

28
25
26
27
28
29
30
31

29











1988
3月

4月
一
二
三
四
五
六
日

一
二
三
四
五
六
日

1
2
3
4
5
魁地奇常规赛
6





1
2
3
复活节
7
8
9
10
11
12
13

4
5
6
7
8
9
10
返校
14
15
16
17
18
19
20

11
12
13
14
15
16
17
21

22
23
24
25
26
春假
开始
27

18
19
20
21
22
23
24
28
29
30
31




25
26
27
28
29
30






1988
5月

6月
一
二
三
四
五
六
日

一
二
三
四
五
六
日






1




1

2
3
4
5

2
3
4
5
6
7
魁地奇常规赛
8

6
期末考开始
7
8
9
10
期末考结束
11
12
9
10
11
12
13
14
15

13
14
15
16
17
18
结业
晚宴
19
离校
16
17
18
19
20
21
22

20
21
22
23
24

25
26
23
24
25
26
27
28
魁地奇决赛
29

27
28
29
30



30
31





1988
7月

8月
一
二
三
四
五
六
日

一
二
三
四
五
六
日




1
2
3

1
2
3
4
5
6
7
4
5
6
7
8
9
10

8
9
10
11
12
13
14
11
12
13
14
15
16
17

15
16
17
18
19
20
21
18
19
20
21
22
23
24

22
23
24
25
26
27
28
25
26
27
28
29
30
31

29
30
31










1988
9月

10月
一
二
三
四
五
六
日

一
二
三
四
五
六
日



1
新学期分院
晚宴
2
3
4






1
2
5
6
7
8
9
10
11

3
4
5
6
7
8
9
12
13
14
15
16
17
18

10
11
12
13
14
15
16
19
20
21
22
23
24
25

17
18
19
20
21
22
23
26
27
28
29
30



24
25
26
27
28
29
30


31
万圣夜



1988
11月

12月
一
二
三
四
五
六
日

一
二
三
四
五
六
日

1
2
3
4
5
魁地奇揭幕战
6




1
2
3
4
7
8
9
10
11
12
13

5
6
7
8
9
10
11
14
15
16
17
18
19
20

12
13
14
15
16
17
18
21
22
23
24
25
26
魁地奇常规赛
27

19

20
21
22
23
24
圣诞假期开始
25
圣诞
晚宴
28
29
30





26
27
28
29
30
31







1989
1月

2月
一
二
三
四
五
六
日

一
二
三
四
五
六
日






1
返校



1

2
3
4
5

2
3

4
5
6
7

8

6
7
8
9
10
11
12
9
10
11
12
13
14
15

13
14
15
16
17
18
魁地奇常规赛
19

16
17
18
19
20
21
22

20
21
22
23
24
25

26
23
24
25
26
27
28

29

27
28





30
31





1989
3月

4月
一
二
三
四
五
六
日

一
二
三
四
五
六
日


1

2
3
4
魁地奇常规赛
5







1
2
返校
6
7
8
9
10
11
12


3
4
5
6
7
8
9
13
14
15
16
17
18
春假
开始
19


10
11
12
13
14
15
16
20
21
22
23
24
25
26
复活节

17
18
19
20
21
22
23
27
28
29
30
31



24
25
26
27
28
29
30





1989
5月

6月
一
二
三
四
五
六
日

一
二
三
四
五
六
日
1
2
3
4
5
6
魁地奇常规赛
7




1

2
3
4
8
9
10
11
12
13
14

5
期末考开始
6
7
8
9
期末考结束
10
11
15
16
17
18
19
20
21

12
13
14
15
16
17
结业
晚宴
18
离校
22
23
24
25
26
27
魁地奇决赛
28

19
20
21
22
23
24
25
29
30
31





26
27
28
29
30







1989
7月

8月
一
二
三
四
五
六
日

一
二
三
四
五
六
日





1
2


1
2
3
4
5
6
3
4
5
6
7
8
9

7
8
9
10
11
12
13
10
11
12
13
14
15
16

14
15
16
17
18
19
20
17
18
19
20
21
22
23

21
22
23
24
25
26
27
24
25
26
27
28
29
30

28
29
30
31



31





1989
9月

10月
一
二
三
四
五
六
日

一
二
三
四
五
六
日




1
新学期分院
晚宴
2
3







1

4
5
6
7
8
9
10

2
3
4
5
6
7

8
11
12
13
14
15
16
17

9
10
11
12
13
14
15
18
19
20
21
22
23
24

16
17
18
19
20
21
22
25
26
27
28
29
30


23
24
25
26
27
28

29


30
31
万圣夜



1989
11月

12月
一
二
三
四
五
六
日

一
二
三
四
五
六
日


1

2
3
4
魁地奇揭幕战
5






1
2
3
6
7
8
9
10
11
12

4
5
6
7
8
9
10
13
14
15
16
17
18

19


11
12
13
14
15
16
17
20
21
22
23
24
25
魁地奇常规赛
26

18
19

20
21
22
23
24
圣诞假期开始
27
28
29
30




25
圣诞
晚宴
26
27
28
29
30
31





1990
1月

2月
一
二
三
四
五
六
日

一
二
三
四
五
六
日
1
2
3

4
5
6
7
返校




1

2
3
4
8
9
10
11
12
13
14

5
6
7
8
9
10
11
15
16
17
18
19
20
21

12
13
14
15
16
17
魁地奇常规赛
18
22
23
24
25
26
27
28

19
20
21
22
23
24

25
29
30
31





26
27
28









1990
3月

4月
一
二
三
四
五
六
日

一
二
三
四
五
六
日



1

2
3
魁地奇常规赛
4







1

5
6
7
8
9
10
11

2
3
4
5
6
7
春假
开始
8
12
13
14
15
16
17
18

9
10
11
12
13
14
15
复活节
19
20
21
22
23
24
25

16
17
18
19
20
21
22
返校
26
27
28
29
30
31



23
24
25
26
27
28

29


30



1990
5月

6月
一
二
三
四
五
六
日

一
二
三
四
五
六
日

1
2
3
4
5
魁地奇常规赛
6





1

2
3
7
8
9
10
11
12
13

4
期末考开始
5
6

7
8
期末考结束
9
10
14
15
16
17
18
19
20

11
12
13
14
15
16

17
21
22
23
24
25
26
魁地奇决赛
27

18
19
20
21
22
23
结业
晚宴
24
离校
28
29
30
31




25
26
27
28
29
30






1990
7月

8月
一
二
三
四
五
六
日

一
二
三
四
五
六
日






1




1

2
3
4
5

2
3
4
5
6
7

8

6
7
8
9
10
11
12
9
10
11
12
13
14
15

13
14
15
16
17
18

19

16
17
18
19
20
21
22

20
21
22
23
24
25
26
23
24
25
26
27
28

29

27
28
29
30
31


30
31





1990
9月

10月
一
二
三
四
五
六
日

一
二
三
四
五
六
日





1
新学期分院
晚宴
2

1
2
3
4
5
6
7
3
4
5
6
7
8
9

8
9
10
11
12
13
14
10
11
12
13
14
15
16

15
16
17
18
19
20
21
17
18
19
20
21
22
23

22
23
24
25
26
27
28
24
25
26
27
28
29
30

29
30
31
万圣夜









1990
11月

12月
一
二
三
四
五
六
日

一
二
三
四
五
六
日



1

2
3
魁地奇揭幕战
4






1
2
5
6
7
8
9
10
11

3
4
5
6
7
8
9
12
13
14
15
16
17
18

10
11
12
13
14
15
16
19
20
21
22
23
24
魁地奇常规赛
25

17
18
19

20
21
22
23
26
27
28
29
30



24
圣诞假期开始
25
圣诞
晚宴
26
27
28
29
30


31



1991
1月

2月
一
二
三
四
五
六
日


一
二
三
四
五
六
日

1
2
3

4
5
6
返校





1
2
3

8
9
10
11
12
13

4
5
6
7
8
9
10
14
15
16
17

18
19
20

11
12
13
14
15
16
魁地奇常规赛
17
21
22
23
24
25
26
27

18
19
20
21
22
23

24
28
29
30
31




25
26
27
28








1991
3月

4月
一
二
三
四
五
六
日

一
二
三
四
五
六
日




1
2
魁地奇常规赛
3

1
2
3
4
5
6
7
返校
4
5
6
7
8
9
10

8
9
10
11
12
13
14
11
12
13
14
15
16
17


15
16
17
18
19
20
21
18
19
20
21
22
23
春假
开始
24

22
23
24
25
26
27
28
25
26
27
28
29
30
31
复活节

29
30










1991
5月

6月
一
二
三
四
五
六
日

一
二
三
四
五
六
日


1

2
3
4
魁地奇常规赛
5







1

2
6
7
8
9
10
11
12

3
期末考开始
4
5

6
7
期末考结束
8
9
13
14
15
16
17
18

19


10
11
12
13
14
15

16
20
21
22
23
24
25
魁地奇决赛
26

17
18
19
20
21
22
结业
晚宴
23
离校
27
28
29
30
31



24
25
26
27
28
29
30





1991
7月

8月
一
二
三
四
五
六
日

一
二
三
四
五
六
日
1
2
3
4
5
6
7




1

2
3
4
8
9
10
11
12
13
14

5
6
7
8
9
10
11
15
16
17
18
19
20
21

12
13
14
15
16
17
18
22
23
24
25
26
27
28

19
20
21
22
23
24
25
29
30
31





26
27
28
29
30
31






1991
9月

10月
一
二
三
四
五
六
日

一
二
三
四
五
六
日






1
新学期分院
晚宴


1
2
3
4
5
6
2
3
4
5
6
7

8

7
8
9
10
11
12
13
9
10
11
12
13
14
15

14
15
16
17
18
19
20
16
17
18
19
20
21
22

21
22
23
24
25
26
27
23
24
25
26
27
28

29

28
29
30
31
万圣夜




30





1991
11月

12月
一
二
三
四
五
六
日

一
二
三
四
五
六
日




1
2
魁地奇揭幕战
3







1

4
5
6
7
8
9
10


2
3
4
5
6
7

8
11
12
13
14
15
16
17

9
10
11
12
13
14
15
18
19
20
21
22
23
魁地奇常规赛
24

16
17
18
19

20
21
22
25
26
27
28
29
30


23
24
圣诞假期开始
25
圣诞
晚宴
26
27
28

29


30
31



1992
1月

2月
一
二
三
四
五
六
日


一
二
三
四
五
六
日


1

2
3

4
5
返校






1
2
6
7
8
9
10
11
12

3
4
5
6
7
8
9
13
14
15
16
17
18

19


10
11
12
13
14
15
魁地奇常规赛
16
20
21
22
23
24
25
26

17
18
19
20
21
22

23
27
28
29
30
31



24
25
26
27
28
29






1992
3月

4月
一
二
三
四
五
六
日

一
二
三
四
五
六
日






1




1

2
3
4
5

2
3
4
5
6
7
魁地奇常规赛
8

6
7
8
9
10
11
春假
开始
12
9
10
11
12
13
14
15

13
14
15
16
17
18

19
复活节
16
17
18
19
20
21
22

20
21
22
23
24
25
26
返校
23
24
25
26
27
28

29

27
28
29
30



30
31











1992
5月

6月
一
二
三
四
五
六
日

一
二
三
四
五
六
日




1
2
魁地奇常规赛
3

1
期末考开始
2

3
4
5
期末考结束
6
7
4
5
6
7
8
9
10

8
9
10
11
12
13
14
11
12
13
14
15
16
17

15

16
17
18
19
20
结业
晚宴
21
离校
18
19
20
21
22
23
魁地奇决赛
24

22
23
24

25
26
27
28
25
26
27
28
29
30
31

29
30
31









1992
7月

8月
一
二
三
四
五
六
日

一
二
三
四
五
六
日


1

2
3
4
5







1
2
6
7
8
9
10
11
12

3
4
5
6
7
8
9
13
14
15
16
17
18

19


10
11
12
13
14
15
16
20
21
22
23
24
25
26

17
18
19
20
21
22
23
27
28
29
30
31



24
25
26
27
28
29
30


31



1992
9月

10月
一
二
三
四
五
六
日

一
二
三
四
五
六
日

1
新学期分院
晚宴
2
3
4
5
6




1

2
3
4
7
8
9
10
11
12
13

5
6
7
8
9
10
11
14
15
16
17
18
19
20

12
13
14
15
16
17
18
21
22
23
24
25
26
27

19
20
21
22
23
24
25
28
29
30





26
27
28
29
30
31
万圣夜
尼克500年忌辰






1992
11月

12月
一
二
三
四
五
六
日

一
二
三
四
五
六
日






1



1
2
3
4
5
6
2
3
4
5
6
7
魁地奇揭幕战
8

7
8
9
10
11
12
13
9
10
11
12
13
14
15

14
15
16
17
18
19

20
16
17
18
19
20
21
22

21
22
23
24
圣诞假期开始
25
圣诞
晚宴
26
27
23
24
25
26
27
28
魁地奇常规赛
29

28
29
30
31



30
揭幕赛中多比搞疯游走球，哈利断手。




1993
1月

2月
一
二
三
四
五
六
日


一
二
三
四
五
六
日




1
2
3
返校

1
2
3
4
5
6
7
4
5
6
7
8
9
10

8
9
10
11
12
13
14
11
12
13
14
15
16
17

15
16
17
18
19
20
魁地奇常规赛
21
18
19
20
21
22
23
24

22
23
24
25
26
27

28
25
26
27
28
29
30
31







1993
3月

4月
一
二
三
四
五
六
日

一
二
三
四
五
六
日
1
2
3
4
5
6
魁地奇常规赛
7




1

2
3
春假
开始
4
8
9
10
11
12
13
14

5
6
7
8
9
10
11
复活节
15
16
17
18
19
20
21


12
13
14
15
16
17
18
返校
22
23
24
25
26
27
28


19
20
21
22
23
24
25
29
30
31





26
27
28
29
30
31


















1993
5月

6月
一
二
三
四
五
六
日

一
二
三
四
五
六
日





1
魁地奇常规赛
取消
2


1

2
3
4
5

6
3
4
5
6
7
8
9

7
期末考开始
8
9
10
11
期末考结束
12
13
10
11
12
13
14
15
16

14
15

16
17
18
19
结业
晚宴
20
离校
17
18
19
20
21
22
魁地奇决赛
取消
23


21
22
23
24

25
26
27
24
25
26
27
28
29
密室
对决
30

28
29
30




31
5月1日图书馆走廊赫敏和佩内洛一起被蛇怪石化，当天邓布利多被撤职，海格抓去阿兹卡班。（原著里日期是5月8日）




1993
7月

8月
一
二
三
四
五
六
日

一
二
三
四
五
六
日



1

2
3
4







1

5
6
7
8
9
10
11

2
3
4
5
6
7

8
12
13
14
15
16
17
18

9
10
11
12
13
14
15
19
20
21
22
23
24
25

16
17
18
19
20
21
22
26
27
28
29
30
31


23
24
25
26
27
28

29


30
31



1993
9月

10月
一
二
三
四
五
六
日

一
二
三
四
五
六
日


1
新学期分院
晚宴
2
3
4
5






1
2
3
6
7
8
9
10
11
12

4
5
6
7
8
9
10
13
14
15
16
17
18

19


11
12
13
14
15
16
17
20
21
22
23
24
25
26

18
19
20
21
22
23
24
27
28
29
30




25
26
27
28
29
30
31






1993
11月

12月
一
二
三
四
五
六
日

一
二
三
四
五
六
日
1
2
3
4
5
6
魁地奇揭幕战
7



1

2
3
4

5

8
9
10
11
12
13
14

6
7
8
9
10
11
12
15
16
17
18
19
20
21

13
14
15
16

17
18

19

22
23
24
25
26
27
魁地奇常规赛
28

20

21
22
23
24
圣诞假期开始
25
圣诞
晚宴
26
29
30






27
28
29
30
31







1994
1月

2月
一
二
三
四
五
六
日


一
二
三
四
五
六
日





1
2
返校


1
2
3
4
5
6
3

4
5
6
7
8
9

7
8
9
10
11
12
13
10
11
12
13
14
15
16

14
15
16
17
18
19
魁地奇常规赛
20
17
18
19
20
21
22
23

21
22
23
24
25
26

27
24
25
26
27
28
29
30

28






31





1994
3月

4月
一
二
三
四
五
六
日

一
二
三
四
五
六
日

1
2
3
4
5
魁地奇常规赛
6





1
2
3
复活节
7
8
9
10
11
12
13

4
5
6
7
8
9
10
返校
14
15
16
17
18
19
20


11
12
13
14
15
16
17
21
22
23
24
25
26
春假
开始
27

18
19
20
21
22
23
24
28
29
30
31




25
26
27
28
29
30






1994
5月

6月
一
二
三
四
五
六
日

一
二
三
四
五
六
日






1




1

2
3
4
5

2
3
4
5
6
7
魁地奇常规赛

8

6
期末考开始
7
8
9
10
期末考结束
11
12
9
10
11
12
13
14
15

13
14
15

16
17
18
结业
晚宴
19
离校
16
17
18
19
20
21
22

20
21
22
23
24
25
26
23
24
25
26
27
28
魁地奇决赛
29


27
28
29
30



30
31





1994
7月

8月
一
二
三
四
五
六
日

一
二
三
四
五
六
日




1
2
3

1
2
3
4
5
6
7
4
5
6
7
8
9
10

8
9
10
11
12
13
14
11
12
13
14
15
16
17

15
16
17
18
19
20
21
18
19
20
21
22
23
24

22
23
24
25
26
27
28
25
26
27
28
29
30
31

29
30
31









1994
9月

10月
一
二
三
四
五
六
日

一
二
三
四
五
六
日



1
新学期分院
晚宴
2
3
4






1
2
5
6
7
8
9
10
11

3
4
5
6
7
8
9
12
13
14
15
16
17
18

10
11
12
13
14
15
16
19
20
21
22
23
24
25

17
18
19
20
21
22
23
26
27
28
29
30



24
25
26
27
28
29
30
三强争霸赛代表团抵达


31
万圣夜
火焰杯选出勇士



1994
11月

12月
一
二
三
四
五
六
日

一
二
三
四
五
六
日

1
2
3
4
5

6




1

2
3
4
7
8
9
10
11
12
13

5
6
7
8
9
10
11
14
15
16
17
18
19
20

12
13
14
15
16
17
18
21
22
23
24
项目一火龙
夺蛋
25
26

27

19

20
21
22
23
24

25
火焰杯圣诞舞会
28
29
30





26
圣诞假期开始
27
28
29
30
31





1995
1月

2月
一
二
三
四
五
六
日


一
二
三
四
五
六
日






1
返校



1

2
3
4
5

2
3

4
5
6
7

8

6
7
8
9
10
11
12
9
10
11
12
13
14
15

13
14
15
16
17
18

19

16
17
18
19
20
21
22

20
21
22
23
24
项目二
黑湖
救人
25

26
23
24
25
26
27
28

29

27
28





30
31





1995
3月

4月
一
二
三
四
五
六
日

一
二
三
四
五
六
日


1

2
3
4

5







1
2

6
7
8
9
10
11
12

3
4
5
6
7
8
春假
开始
9
13
14
15
16
17
18

19


10
11
12
13
14
15
16
复活节
20
21
22
23
24
25
26

17
18
19
20
21
22
23
返校
27
28
29
30
31



24
25
26
27
28
29
30





1995
5月

6月
一
二
三
四
五
六
日

一
二
三
四
五
六
日
1
2
3
4
5
6

7




1

2
3
4
8
9
10
11
12
13
14

5

6
7
8
9

10
11
15
16
17
18
19
20
21

12
13
14
15
16
17

18

22
23
24
25
26
27

28

19
期末考开始
20
21
22
23

24
上午期末考结束
下午项目三迷宫夺杯
25
29
30
31





26
27
28
29
结业
晚宴
30
离校






1995
7月

8月
一
二
三
四
五
六
日

一
二
三
四
五
六
日





1
2


1
2
3
4
5
6
3
4
5
6
7
8
9

7
8
9
10
11
12
13
10
11
12
13
14
15
16

14
15
16
17
18
19
20
17
18
19
20
21
22
23

21
22
23
24
25
26
27
24
25
26
27
28
29
30

28
29
30
31



31





1995
9月

10月
一
二
三
四
五
六
日

一
二
三
四
五
六
日




1
新学期分院
晚宴
2
3







1

4
5
6

7
8
9
10

2
3
4
5
6
7

8
11

12

13
14
15
16
17

9
10
11
12
13
14
15
18
19
20
21

22

23
24

16
17
18
19
20
21
22
25

26
27
28
29
30


23
24
25
26
27
28

29
乌姆里奇担任黑魔法防御课教授


30
31
万圣夜



1995
11月

12月
一
二
三
四
五
六
日

一
二
三
四
五
六
日


1

2
3
4
魁地奇揭幕战
5






1
2
3
6
7

8
9
10
11
12

4
5
6
7
8
9
10
13
14
15
16
17
18

19


11
12
13
14
15
16
17
20
21
22
23
24
25
魁地奇常规赛
26

18
19
20
21
22
23
24
圣诞假期开始
27
28
29
30




25
圣诞
晚宴
26
27
28
29
30
31





1996
1月

2月
一
二
三
四
五
六
日


一
二
三
四
五
六
日
1
2
3

4
5
6
7
返校




1

2
3
4
8
9
10
11
12
13
14

5
6
7
8
9
10
11
15
16
17
18
19
20
21

12
13
14
15
16
17
魁地奇常规赛
18
22
23
24
25
26
27
28

19
20
21
22
23
24

25
29
30
31





26
27
28
29








1996
3月

4月
一
二
三
四
五
六
日

一
二
三
四
五
六
日




1
2
魁地奇常规赛
3

1
2
3
4
5
6
7
复活节
4
5
6
7
8
9
10

8
9
10
11
12
13
14
返校
11
12
13
14
15
16
17

15
16
17
18
19
20
21
18
19
20
21
22
23
24

22
23
24
25
26
27
28
25
26
27
28
29
30
春假
开始
31

29
30










1996
5月

6月
一
二
三
四
五
六
日

一
二
三
四
五
六
日


1

2
3
4
魁地奇常规赛
5







1
2
6
7
8
9
10
11
12

3
期末考开始
4
5
6
7
期末考结束
8
9
13
14
15
16
17
18

19


10
11
12
13
14
15
16
20
21
22
23
24
25
魁地奇决赛
26

17
18
小天狼星死亡
19
20
21
22
结业
晚宴
23
离校
27
28
29
30
31



24
25
26
27
28
29
30





1996
7月

8月
一
二
三
四
五
六
日


一
二
三
四
五
六
日
1
2
3
4
5
6
7




1

2
3
4
8
9
10
11
12
13
14

5
6
7
8
9
10
11
15
16
17
18
19
20
21

12
13
14
15
16
17
18
22
23
24
25
26
27
28

19
20
21
22
23
24
25
29
30
31





26
27
28
29
30
31

邓布利多中诅咒，和斯内普谈话。




1996
9月

10月
一
二
三
四
五
六
日

一
二
三
四
五
六
日






1
新学期分院
晚宴


1
2
3
4
5
6
2

3
4
5
6
7

8

7
8
9
10
11
12
13
9
10
11
12

13
14
15

14
15
16
17
18
19
20
16
17
18
19
20
21
22

21
22
23
24
25
26
27
23
24
25
26
27
28

29


28
29
30
31
万圣夜



30

斯内普担任黑魔法防御课教授。



1996
11月

12月
一
二
三
四
五
六
日

一
二
三
四
五
六
日




1
2
魁地奇揭幕战
3








1

4
5
6
7
8
9
10

2
3
4
5
6
7

8
11
12
13
14
15
16
17

9
10
11
12
13
14
15
18
19
20
21
22
23
魁地奇常规赛
24

16
17
18
19
20
21
22
25
26
27
28
29
30


23
24
圣诞假期开始
25
圣诞
晚宴
26
27
28

29


30
31



1997
1月

2月
一
二
三
四
五
六
日


一
二
三
四
五
六
日


1

2
3

4
5
返校






1
2
6
7
8
9
10
11
12

3
4
5
6
7
8
9
13
14
15

16
17
18

19


10
11
12
13
14
15
魁地奇常规赛
16
20
21
22
23
24
25
26

17
18
19
20
21
22

23
27
28
29
30
31



24
25
26
27
28







1997
3月

4月
一
二
三
四
五
六
日


一
二
三
四
五
六
日





1
魁地奇常规赛
2


1
2
3
4
5
6
返校
3
4
5
6
7
8
9

7
8
9
10
11
12
13
10
11
12
13
14
15
16

14
15
16
17
18
19
20
17
18
19
20
21
22
春假
开始
23

21
22
23
24
25
26
27
24
25
26
27
28
29
30
复活节

28
29
30




31





1997
5月

6月
一
二
三
四
五
六
日


一
二
三
四
五
六
日



1

2
3
魁地奇常规赛
4







1

5
6
7
8
9
10
11

2

3
4
5
6

7

8
12
13
14
15
16
17
18

9

10
11
12
13

14
15
19
20
21
22
23
24
魁地奇决赛
25

16
期末考开始
17
18
19
20
期末考结束
21

22

26
27
28
29
30
31


23
24
25
26
27
28

29


30
夜里
邓布利多死亡



1997
7月

8月
一
二
三
四
五
六
日

一
二
三
四
五
六
日

1

2
3
4
5
结业晚宴
6
离校





1

2
3
7
8
9
10
11
12
13

4
5
6
7
8
9
10
14
15
16
17
18
19
20

11
12
13
14
15
16
17
21
22
23
24
25
26
27

18
19
20
21
22
23
24
28
29
30
31




25
26
27
28
29
30
31





1997
9月

10月
一
二
三
四
五
六
日

一
二
三
四
五
六
日
1
新学期分院
晚宴
2
3
4
5
6
7



1

2
3
4
5

8
9
10
11
12
13
14

6
7
8
9
10
11
12
15
16
17
18
19
20
21

13
14
15
16
17
18

19

22
23
24
25
26
27
28

20
21
22
23
24
25
26
29


30






27
28
29
30
31
万圣夜










1997
11月

12月
一
二
三
四
五
六
日

一
二
三
四
五
六
日





1


2


1
2
3
4
5
6
7
3
4
5
6
7
8
9

8
9
10
11
12
13
14
10
11
12
13
14
15
16

15
16
17
18
19
20
21

17
18
19
20
21
22

23

22

23
24
圣诞假期开始
25
圣诞
晚宴


26
27
28
24
25
26
27
28
29
30


29
30
31








1998
1月

2月
一
二
三
四
五
六
日


一
二
三
四
五
六
日



1

2
3

4
返校







1

5
6
7
8
9
10
11

2
3
4
5
6
7

8
12
13
14
15
16
17
18

9
10
11
12
13
14
15
19
20
21
22
23

24
25

16
17
18
19
20
21

22

26
27
28
29
30
31


23
24
25
26
27
28







1998
3月

4月
一
二
三
四
五
六
日

一
二
三
四
五
六
日






1




1

2
3
4
春假
开始
5

2
3
4
5

6
7

8

6
7
8
9
10
11
12
复活节
9
10
11
12
13
14
15

13
14
15
16
17
18

19
返校

16
17
18
19
20
21
22

20
21

22
23
24
25
26
23

24
25
26
27
28

29

27
28
29
30



30
31





1998
5月

6月
一
二
三
四
五
六
日

一
二
三
四
五
六
日




1
2
决战
3

1

2
3
4
5

6
7
4
5
6
7
8
9
10

8
9
10
11
12
13
14
11
12
13
14
15
16
17

15
16
17
18
19
20

21

18
19
20
21
22
23

24

22
23
24
25
26
27
28
25
26
27
28
29
30
31

29
30
31




白天斯内普被纳吉尼咬死。
傍晚哈利和伏地魔决战。





